3057,东1井,112.2934282,32.34325415
3058,东10井,112.2905402,32.36016785
3059,东11井,112.2950582,32.36355704
3060,东12井,112.2910604,32.34548646
3061,东13井,112.3051781,32.35238215
3062,东14井,112.2941124,32.35033212
3063,东15井,112.292071,32.36145915
3064,东16井,112.2833307,32.34484886
3065,东17井,112.3030896,32.35170987
3066,东2井,112.2958047,32.34542873
3067,东21井,112.3106848,32.35236282
3068,东22井,112.2956685,32.3514921
3069,东24井,112.2838206,32.34409966
3070,东3井,112.2822966,32.34343991
3071,东4井,112.3058217,32.35477004
3072,东5井,112.3027546,32.35274918
3073,东7井,112.2901949,32.35131002
3074,东8井,112.2540796,32.34322626
3075,东9井,112.3104995,32.34393362
3076,东资1井,112.3045858,32.35006941
3077,红1井,112.3608908,32.37260976
3078,红10井,112.3529924,32.36326864
3079,红11井,112.3650738,32.3721972
3080,红12井,112.3627175,32.37183504
3081,红14井,112.371627,32.36562363
3082,红15井,112.3737102,32.37201026
3083,红2井,112.3559061,32.36493623
3084,红3井,112.3620735,32.36088917
3085,红4井,112.321631,32.37022848
3086,红5井,112.3242734,32.35551349
3087,红6井,112.3337365,32.36409279
3088,红7井,112.3657408,32.36305403
3089,红8井,112.3653726,32.36435443
3090,红9井,112.3528726,32.36033025
3091,金1井,112.3819559,32.4622129
3092,金2井,112.3829694,32.4606223
3093,金3井,112.4219118,32.48159894
3094,金4井,112.4049088,32.46172463
3095,金5井,112.445012,32.44463563
3096,金8井,112.3735494,32.44453042
3097,龙1井,112.4107261,32.39306184
3098,龙10井,112.3908313,32.40522332
3099,龙11井,112.4002018,32.4104031
3100,龙12井,112.3925003,32.41414367
3101,龙13井,112.3807521,32.44056225
3102,龙14井,112.4302635,32.421961
3103,龙15井,112.4227681,32.41512672
3104,龙16井,112.4247165,32.40248812
3105,龙17井,112.4210469,32.38344802
3106,龙18井,112.3852244,32.360628
3107,龙19井,112.4149939,32.40137446
3108,龙2井,112.415576,32.38185653
3109,龙21井,112.410365,32.41546983
3434,杨浅10井,113.081223,32.44102066
3435,杨浅11井,113.095973,32.43362109
3436,杨浅12井,113.0415805,32.44098277
3437,杨浅13井,113.050596,32.44075356
3438,杨浅15井,113.0835004,32.43300286
3439,杨浅16井,113.0842437,32.44155577
3440,杨浅17井,113.0927219,32.44556907
3441,杨浅18井,113.0449255,32.44449353
3442,杨浅19井,113.0931761,32.43014803
3443,杨浅20井,113.0534554,32.42589817
3444,杨浅21井,113.0622399,32.43296571
3445,杨浅22井,113.0639771,32.4424911
3446,杨浅23井,113.0638654,32.43512028
3447,杨浅24井,113.0659722,32.43595001
3448,杨浅25井,113.0842019,32.42518083
3449,杨浅26井,113.1006087,32.43176711
3450,杨浅27井,113.0920109,32.42488635
3451,杨浅28井,113.0725517,32.43348231
3452,杨浅29井,113.0816131,32.42436311
3453,杨浅30井,113.054627,32.42340467
3454,焦1井,112.251024,32.36586788
3455,堂1井,112.2815423,32.32506428
3332,魏25井,112.3739346,32.40174969
3333,魏26井,112.3537087,32.37505593
3334,魏27井,112.3824012,32.4239367
3335,魏28井,112.3419389,32.38153588
3336,魏29井,112.3430157,32.4136356
3337,魏3井,112.35033,32.3920479
3338,魏30井,112.3701827,32.425022
3339,魏31井,112.3451536,32.40536537
3340,魏32井,112.3457112,32.38487304
3341,魏33井,112.3536537,32.38352587
3342,魏34井,112.3434043,32.37246759
3343,魏35井,112.3544008,32.38543747
3344,魏36井,112.3549398,32.40422556
3345,魏37井,112.374039,32.40483749
3346,魏38井,112.3516969,32.38428549
3347,魏39井,112.3424629,32.40252325
3348,魏4井,112.3544353,32.39317405
3349,魏40井,112.3502291,32.40394061
3350,魏41井,112.3418664,32.40503084
3351,魏42井,112.3649879,32.4157341
3352,魏43井,112.3527296,32.3903454
3353,魏44井,112.3708603,32.41128427
3354,魏45井,112.3530874,32.38530063
3355,魏46井,112.3534381,32.41064576
3110,龙22井,112.4025643,32.40040986
3111,龙24井,112.4423395,32.41255396
3112,龙26井,112.3930538,32.42536617
3113,龙27井,112.3949362,32.3729335
3114,龙3井,112.4231293,32.38000734
3115,龙4井,112.4149945,32.40126735
3116,龙5井,112.3812727,32.3729677
3117,龙6井,112.3926572,32.37157744
3118,龙7井,112.413079,32.40411523
3119,龙8井,112.400416,32.37506926
3120,龙9井,112.3959825,32.36222752
3121,南1井,112.2057625,32.40254575
3122,南10井,112.3528872,32.39523164
3123,南100井,112.4201495,32.44408395
3124,南101井,112.4320315,32.43083018
3125,南102井,112.3245117,32.37465114
3126,南104井,112.3858976,32.42157278
3127,南104-1井,112.3904594,32.42310333
3128,南105井,112.4603459,32.40024431
3129,南106井,112.4239619,32.43362678
3130,南107井,112.3953299,32.42179941
3055,东11,112.2950582,32.36355704
3131,南108井,112.3916979,32.42543491
3177,南4井,112.2614616,32.33513309
3178,南40井,112.2825291,32.35529496
3179,南41井,112.4354922,32.4053697
3180,南42井,112.3314803,32.36531885
3181,南43井,112.4027152,32.39100221
3182,南44井,112.4014731,32.40354083
3183,南45井,112.3942629,32.44216549
3184,南46井,112.4101763,32.44478857
3185,南47井,112.4126408,32.40226095
3186,南48井,112.4033999,32.40187693
3187,南49井,112.4045698,32.40025307
3188,南5井,112.3047671,32.35001708
3189,南50井,112.4202133,32.40386912
3190,南51井,112.3354968,32.37050572
3191,南52井,112.3214504,32.39136415
3192,南53井,112.325144,32.3651739
3193,南55井,112.3933132,32.41339958
3194,南56井,112.3604966,32.40418254
3195,南57井,112.3435113,32.42210356
3196,南58井,112.37048,32.43494931
3197,南59井,112.3915759,32.43107864
3198,南6井,112.3606468,32.39030888
3199,南60井,112.3521945,32.42090984
3200,南61井,112.3946563,32.42226646
3201,南62井,112.2627206,32.36153452
3202,南63井,112.4151726,32.3824038
3203,南64井,112.3723318,32.37063719
3204,南65井,112.3723088,32.36324509
3205,南66井,112.4446325,32.39391796
3206,南67井,112.3708259,32.36151026
3207,南68井,112.4424385,32.39085071
3208,南69井,112.3123722,32.34171377
3209,南7井,112.1506598,32.35422158
3210,南70井,112.3444753,32.40447747
3211,南71井,112.3443653,32.41278356
3212,南72井,112.3523007,32.41386781
3213,南73井,112.3338702,32.4222984
3214,南74井,112.2623202,32.32503285
3215,南75井,112.4328631,32.40013956
3216,南76井,112.4147255,32.39173202
3217,南77井,112.302706,32.36013637
3218,南78井,112.3746445,32.36402424
3219,南79井,112.3942422,32.41265421
3220,南8井,112.3426098,32.36488299
3221,南80井,112.4513985,32.39091502
3222,南81井,112.3943878,32.43037104
3223,南82井,112.405868,32.3904624
3224,南83井,112.4346334,32.39174632
3225,南84井,112.3936877,32.36579527
3226,南85井,112.3310024,32.38492426
3227,南86井,112.2605207,32.33478771
3228,南87井,112.4506691,32.39377715
3229,南88井,112.3332343,32.38090829
3230,南89井,112.4643609,32.37417208
3231,南9井,112.3954148,32.36493279
3232,南90井,112.4459585,32.41146002
3233,南91井,112.295567,32.34260392
3234,南92井,112.3523673,32.36580457
3235,南94井,112.4206387,32.38092734
3236,南95井,112.4135323,32.38129429
3237,南96井,112.4254338,32.38178232
3356,魏47井,112.3533875,32.42004938
3357,魏49井,112.3351898,32.40222794
3358,魏5井,112.3611999,32.39116255
3359,魏51井,112.3422466,32.40379922
3360,魏52井,112.3613214,32.41155179
3361,魏54井,112.3454448,32.42428288
3362,魏6井,112.3340728,32.38443382
3363,魏7井,112.3442898,32.38366993
3364,魏8井,112.350873,32.40026718
3365,魏9井,112.3640415,32.39468368
3366,新南63井,112.4159261,32.3816112
3367,张14井,112.4026325,32.39276287
3368,张15井,112.4109725,32.39411042
3369,张16井,112.4140582,32.39464396
3370,张17井,112.4220555,32.39547032
3371,张18井,112.4114688,32.39105843
3372,张19井,112.4100067,32.40133877
3373,张20井,112.4008019,32.40213291
3374,张22井,112.4027042,32.40187155
3375,张25井,112.4009555,32.40308244
3376,张27井,112.413288,32.40474701
3377,张28井,112.401236,32.40573049
3378,张29井,112.4017855,32.41146796
3379,张3井,112.4048033,32.41066496
3380,张31井,112.4124141,32.40524031
3381,张32井,112.4101298,32.40504101
3382,张33井,112.4129246,32.4025192
3383,张34井,112.4215041,32.40185566
3384,张4井,112.4149902,32.41082184
3385,张5井,112.3946793,32.4029009
3386,张7井,112.4054588,32.40383773
3387,张8井,112.4203636,32.40494905
3388,张9井,112.4004682,32.40041668
3389,济参1井,113.0430151,35.03599561
3390,杨4井,113.0600934,32.43123641
3238,南98井,112.4209716,32.38336167
3239,南99井,112.4152499,32.44025261
3240,魏1井,112.3551386,32.38468743
3241,魏10井,112.362497,32.38551179
3242,魏101井,112.3532418,32.41199421
3243,魏102井,112.3513225,32.41104972
3244,魏103井,112.3520164,32.40477225
3245,魏104井,112.3446585,32.40396885
3246,魏105井,112.3447446,32.40258577
3247,魏106井,112.3529297,32.40312098
3248,魏107井,112.3425881,32.40125945
3249,魏108井,112.3414699,32.40018228
3250,魏109井,112.3558882,32.40203534
3251,魏11井,112.3628518,32.39244388
3252,魏110井,112.353982,32.40062277
3253,魏111井,112.3601542,32.40014235
3254,魏112井,112.3439379,32.39408449
3255,魏113井,112.3502516,32.39467364
3256,魏114井,112.3419549,32.39328791
3257,魏115井,112.344036,32.39230919
3258,魏116井,112.3556827,32.39468491
3053,东1井,112.2934282,32.34325415
3054,东10井,112.2905402,32.36016785
3056,东12井,112.2910604,32.34548646
3132,南109井,112.382919,32.43426566
3133,南11井,112.3322697,32.37248162
3134,南110井,112.4352911,32.44335696
3135,南111井,112.4255521,32.44259028
3136,南112井,112.4004782,32.42522308
3137,南113井,112.3941709,32.42057806
3138,南114井,112.3733248,32.43347652
3139,南116井,112.3841473,32.44095259
3140,南117井,112.4337233,32.42467278
3141,南118井,112.4102037,32.4239292
3142,南12井,112.2902122,32.34382065
3143,南120井,112.3801461,32.41285929
3144,南121井,112.4110028,32.42204656
3145,南122井,112.3955693,32.42055247
3146,南123井,112.4159346,32.42403874
3147,南124井,112.3957209,32.41289086
3148,南13井,112.2818651,32.36401538
3149,南14井,112.424682,32.43112452
3150,南15井,112.3046283,32.31297797
3151,南16井,112.3340051,32.35486327
3152,南17井,112.3359957,32.42261976
3153,南18井,112.2909105,32.32344124
3154,南19井,112.2913168,32.36513585
3155,南2井,112.3715626,32.37060789
3156,南20井,112.3420789,32.4150433
3157,南21井,112.0650306,32.44558441
3158,南22井,112.2348238,32.35164241
3159,南23井,112.3650254,32.56146031
3160,南24井,112.3615669,32.33137037
3161,南25井,112.460742,32.38280582
3162,南26井,112.4331641,32.43567264
3163,南27井,112.3847712,32.38383541
3164,南28井,112.4149988,32.37589421
3165,南29井,112.4142822,32.4805858
3166,南3井,112.2620499,32.34035293
3167,南30井,112.3818293,32.36010557
3168,南31井,112.4025479,32.4322674
3169,南32井,112.4131711,32.3841491
3170,南33井,112.4131216,32.43049056
3171,南34井,112.3313096,32.37473643
3172,南35井,112.3258152,32.37171396
3173,南36井,112.4107913,32.44181671
3174,南37井,112.4045275,32.3953526
3175,南38井,112.4027615,32.4031657
3176,南39井,112.2802612,32.3620586
3259,魏117井,112.3518341,32.39398438
3260,魏118井,112.3543627,32.39554623
3261,魏119井,112.3551301,32.40070521
3262,魏12井,112.3437055,32.37562118
3263,魏120井,112.3616009,32.40353989
3264,魏121井,112.3551863,32.41135671
3265,魏122井,112.3349234,32.40085965
3266,魏124井,112.342891,32.4037827
3267,魏125井,112.3404892,32.40187709
3268,魏126井,112.3358092,32.39576423
3269,魏127井,112.3453585,32.40140474
3270,魏128井,112.3514473,32.4012388
3271,魏129井,112.343201,32.39455463
3272,魏13井,112.3403457,32.37365809
3273,魏130井,112.3453727,32.39492263
3274,魏132井,112.3528164,32.4017995
3275,魏133井,112.3516675,32.40314087
3276,魏134井,112.3506984,32.40513588
3277,魏135井,112.3451635,32.40355581
3278,魏14井,112.3555924,32.39168062
3279,魏140井,112.3504831,32.40287413
3280,魏142井,112.3504978,32.40590179
3281,魏143井,112.352286,32.41105829
3282,魏144井,112.3533105,32.40561852
3283,魏146井,112.3446152,32.40528657
3284,魏15井,112.3509208,32.40214742
3285,魏152井,112.3550699,32.40153644
3286,魏153井,112.3531563,32.40040964
3287,魏156井,112.3552746,32.39564173
3288,魏157井,112.3516471,32.39485953
3289,魏16井,112.3536961,32.39430806
3290,魏161井,112.3519365,32.3936913
3291,魏165井,112.3537337,32.39439732
3292,魏168井,112.3508633,32.39341913
3293,魏17井,112.344437,32.40010966
3294,魏18井,112.3433831,32.39010647
3295,魏19井,112.3406722,32.38232127
3296,魏2井,112.3625407,32.40112091
3297,魏20井,112.3535724,32.40178082
3298,魏201井,112.3645167,32.4000628
3299,魏202井,112.370073,32.40108137
3300,魏203井,112.3715053,32.40111611
3301,魏204井,112.3702939,32.39432787
3302,魏205井,112.364448,32.39313484
3303,魏207井,112.3611875,32.39317597
3304,魏208井,112.3615953,32.39145447
3305,魏209井,112.3524179,32.39169856
3306,魏21井,112.3401141,32.39162287
3307,魏210井,112.3614597,32.40017404
3308,魏211井,112.3625465,32.39399011
3309,魏212井,112.3505882,32.39067985
3310,魏213井,112.3541655,32.39090067
3311,魏214井,112.3557357,32.38573563
3312,魏215井,112.3504973,32.38343731
3313,魏216井,112.3602969,32.38433026
3314,魏217井,112.353617,32.3815663
3315,魏218井,112.3427409,32.38175173
3316,魏219井,112.3427618,32.37456164
3317,魏22井,112.3511419,32.38175182
3318,魏220井,112.3451279,32.38229166
3319,魏221井,112.3444544,32.38107069
3320,魏222井,112.3404579,32.37203841
3321,魏223井,112.3422816,32.37294223
3322,魏224井,112.334494,32.37227256
3323,魏225井,112.3329301,32.37055199
3324,魏23井,112.3550444,32.39251555
3325,魏230井,112.3607568,32.38512282
3326,魏231井,112.3442079,32.38545087
3327,魏232井,112.3633107,32.40066444
3328,魏234井,112.3632476,32.39536603
3329,魏235井,112.3522858,32.38498623
3330,魏238井,112.3551755,32.39091411
3331,魏24井,112.3701781,32.39582429
3394,杨70713井,113.0530682,32.44411833
3395,杨浅38井,113.0629754,32.42416654
3396,杨浅43井,113.0728816,32.4248028
3397,杨浅44井,113.0758376,32.43088234
3398,杨浅46井,113.0845063,32.43372454
3399,杨浅48井,113.0850756,32.42590256
3400,杨浅49井,113.0828408,32.43257221
3401,杨浅51井,113.0805989,32.42484656
3402,杨浅52井,113.0502776,32.41547633
3403,杨浅53井,113.0526752,32.41541954
3404,杨浅55井,113.0505405,32.42193396
3405,杨浅56井,113.0446464,32.42109511
3406,杨3井,113.0522979,32.43190336
3407,杨浅31井,113.0547454,32.44032177
3408,杨浅32井,113.0422108,32.44501674
3409,杨浅33井,113.0612912,32.44378265
3410,杨浅34井,113.0451968,32.44245482
3411,杨浅35井,113.0403779,32.44250997
3412,杨浅36井,113.0558016,32.44152396
3413,杨浅37井,113.0523861,32.44371559
3414,杨浅39井,113.0656864,32.44020413
3415,杨浅42井,113.0347028,32.44402666
3416,杨浅58井,113.0832051,32.42365408
3417,杨资2井,113.0643743,32.43117427
3418,邓参1井,112.0335682,32.47299091
3419,唐1井,112.5023213,32.41119501
3420,唐2井,112.5049989,32.38577307
3421,唐3井,112.5007989,32.38452678
3422,唐5井,112.4649999,32.40281049
3423,唐6井,112.4452125,32.42438332
3425,杨浅1井,113.0734287,32.44104106
3426,杨浅2井,113.0533222,32.43097576
3427,杨浅3井,113.0729835,32.43085355
3428,杨浅4井,113.0756314,32.43411997
3429,杨浅5井,113.0744509,32.44370617
3430,杨浅6井,113.0505184,32.43421254
3431,杨浅7井,113.0555617,32.43506233
3432,杨浅8井,113.0443124,32.43168902
3433,杨浅9井,113.0325932,32.44367409